0 0.050276 0.623145 0.076893 0.252226
1 0.106467 0.404303 0.063091 0.229970
2 0.166601 0.244807 0.057177 0.207715
1 0.161672 0.604599 0.063091 0.304154
1 0.232650 0.478487 0.055205 0.244807
0 0.266167 0.204006 0.094637 0.304154
0 0.211948 0.764095 0.096609 0.296736
2 0.342074 0.493323 0.100552 0.378338
1 0.368691 0.200297 0.074921 0.296736
0 0.444598 0.322700 0.096609 0.408012
2 0.453470 0.752967 0.078864 0.363501
2 0.536278 0.304154 0.047319 0.178042
2 0.553036 0.526706 0.069006 0.296736
2 0.632886 0.274481 0.082808 0.311573
2 0.698935 0.471068 0.084779 0.289318
0 0.752169 0.678783 0.100552 0.363501
1 0.910095 0.597181 0.179811 0.586053